  0.0000    1    5.250   1.0000    highconflict
  5.2500    0    1.750   1.0000          NULL 
  7.0000    2    5.250   1.0000    medconflict
 12.2500    0    4.375   1.0000          NULL 
 16.6250    2    5.250   1.0000    medconflict
 21.8750    0    1.750   1.0000          NULL 
 23.6250    2    5.250   1.0000    medconflict
 28.8750    0    3.500   1.0000          NULL 
 32.3750    1    5.250   1.0000    highconflict
 37.6250    0    1.750   1.0000          NULL 
 39.3750    3    5.250   1.0000    lowconflict
 44.6250    0    2.625   1.0000          NULL 
 47.2500    1    5.250   1.0000    highconflict
 52.5000    0    2.625   1.0000          NULL 
 55.1250    3    5.250   1.0000    lowconflict
 60.3750    0    2.625   1.0000          NULL 
 63.0000    1    5.250   1.0000    highconflict
 68.2500    0    1.750   1.0000          NULL 
 70.0000    2    5.250   1.0000    medconflict
 75.2500    0    6.125   1.0000          NULL 
 81.3750    3    5.250   1.0000    lowconflict
 86.6250    0    1.750   1.0000          NULL 
 88.3750    1    5.250   1.0000    highconflict
 93.6250    0    1.750   1.0000          NULL 
 95.3750    2    5.250   1.0000    medconflict
100.6250    0    3.500   1.0000          NULL 
104.1250    1    5.250   1.0000    highconflict
109.3750    0    3.500   1.0000          NULL 
112.8750    2    5.250   1.0000    medconflict
118.1250    0    1.750   1.0000          NULL 
119.8750    2    5.250   1.0000    medconflict
125.1250    0    1.750   1.0000          NULL 
126.8750    1    5.250   1.0000    highconflict
132.1250    0    1.750   1.0000          NULL 
133.8750    1    5.250   1.0000    highconflict
139.1250    0    1.750   1.0000          NULL 
140.8750    3    5.250   1.0000    lowconflict
146.1250    0    3.500   1.0000          NULL 
149.6250    1    5.250   1.0000    highconflict
154.8750    0    1.750   1.0000          NULL 
156.6250    2    5.250   1.0000    medconflict
161.8750    0    1.750   1.0000          NULL 
163.6250    2    5.250   1.0000    medconflict
168.8750    0    1.750   1.0000          NULL 
170.6250    2    5.250   1.0000    medconflict
175.8750    0    1.750   1.0000          NULL 
177.6250    3    5.250   1.0000    lowconflict
182.8750    0    2.625   1.0000          NULL 
185.5000    1    5.250   1.0000    highconflict
190.7500    0    3.500   1.0000          NULL 
194.2500    3    5.250   1.0000    lowconflict
199.5000    0    2.625   1.0000          NULL 
202.1250    3    5.250   1.0000    lowconflict
207.3750    0    3.500   1.0000          NULL 
210.8750    2    5.250   1.0000    medconflict
216.1250    0    1.750   1.0000          NULL 
217.8750    3    5.250   1.0000    lowconflict
223.1250    0    3.500   1.0000          NULL 
226.6250    2    5.250   1.0000    medconflict
231.8750    0    1.750   1.0000          NULL 
233.6250    3    5.250   1.0000    lowconflict
238.8750    0    1.750   1.0000          NULL 
240.6250    3    5.250   1.0000    lowconflict
245.8750    0    1.750   1.0000          NULL 
247.6250    2    5.250   1.0000    medconflict
252.8750    0    4.375   1.0000          NULL 
257.2500    3    5.250   1.0000    lowconflict
262.5000    0    2.625   1.0000          NULL 
265.1250    3    5.250   1.0000    lowconflict
270.3750    0    1.750   1.0000          NULL 
272.1250    1    5.250   1.0000    highconflict
277.3750    0    1.750   1.0000          NULL 
279.1250    1    5.250   1.0000    highconflict
284.3750    0    4.375   1.0000          NULL 
288.7500    3    5.250   1.0000    lowconflict
294.0000    0    2.625   1.0000          NULL 
296.6250    1    5.250   1.0000    highconflict
301.8750    0    1.750   1.0000          NULL 
303.6250    1    5.250   1.0000    highconflict
308.8750    0    2.625   1.0000          NULL 
311.5000    2    5.250   1.0000    medconflict
316.7500    0    5.250   1.0000          NULL 
322.0000    3    5.250   1.0000    lowconflict
327.2500    0    1.750   1.0000          NULL 
329.0000    1    5.250   1.0000    highconflict
334.2500    0    3.500   1.0000          NULL 
337.7500    3    5.250   1.0000    lowconflict
343.0000    0    1.750   1.0000          NULL 
344.7500    3    5.250   1.0000    lowconflict
350.0000    0    1.750   1.0000          NULL 
351.7500    2    5.250   1.0000    medconflict
357.0000    0    1.750   1.0000          NULL 
358.7500    3    5.250   1.0000    lowconflict
364.0000    0    1.750   1.0000          NULL 
365.7500    2    5.250   1.0000    medconflict
371.0000    0    3.500   1.0000          NULL 
374.5000    1    5.250   1.0000    highconflict
379.7500    0    2.625   1.0000          NULL 
382.3750    2    5.250   1.0000    medconflict
387.6250    0    2.625   1.0000          NULL 
390.2500    2    5.250   1.0000    medconflict
395.5000    0    2.625   1.0000          NULL 
398.1250    1    5.250   1.0000    highconflict
403.3750    0    5.250   1.0000          NULL 
408.6250    3    5.250   1.0000    lowconflict
413.8750    0    1.750   1.0000          NULL 
415.6250    2    5.250   1.0000    medconflict
420.8750    0    2.625   1.0000          NULL 
423.5000    1    5.250   1.0000    highconflict
428.7500    0    1.750   1.0000          NULL 
430.5000    1    5.250   1.0000    highconflict
435.7500    0    1.750   1.0000          NULL 
437.5000    2    5.250   1.0000    medconflict
442.7500    0    1.750   1.0000          NULL 
444.5000    1    5.250   1.0000    highconflict
449.7500    0    5.250   1.0000          NULL 
455.0000    1    5.250   1.0000    highconflict
460.2500    0    1.750   1.0000          NULL 
462.0000    3    5.250   1.0000    lowconflict
467.2500    0    1.750   1.0000          NULL 
469.0000    3    5.250   1.0000    lowconflict
474.2500    0    7.000   1.0000          NULL 
481.2500    2    5.250   1.0000    medconflict
486.5000    0    1.750   1.0000          NULL 
488.2500    2    5.250   1.0000    medconflict
493.5000    0    2.625   1.0000          NULL 
496.1250    2    5.250   1.0000    medconflict
501.3750    0    2.625   1.0000          NULL 
504.0000    2    5.250   1.0000    medconflict
509.2500    0    1.750   1.0000          NULL 
511.0000    3    5.250   1.0000    lowconflict
516.2500    0    1.750   1.0000          NULL 
518.0000    1    5.250   1.0000    highconflict
523.2500    0    1.750   1.0000          NULL 
525.0000    3    5.250   1.0000    lowconflict
530.2500    0    1.750   1.0000          NULL 
532.0000    2    5.250   1.0000    medconflict
537.2500    0    1.750   1.0000          NULL 
539.0000    1    5.250   1.0000    highconflict
544.2500    0    1.750   1.0000          NULL 
546.0000    1    5.250   1.0000    highconflict
551.2500    0    1.750   1.0000          NULL 
553.0000    2    5.250   1.0000    medconflict
558.2500    0    1.750   1.0000          NULL 
560.0000    1    5.250   1.0000    highconflict
565.2500    0    1.750   1.0000          NULL 
567.0000    1    5.250   1.0000    highconflict
572.2500    0    1.750   1.0000          NULL 
574.0000    3    5.250   1.0000    lowconflict
579.2500    0    1.750   1.0000          NULL 
581.0000    3    5.250   1.0000    lowconflict
586.2500    0    2.625   1.0000          NULL 
588.8750    1    5.250   1.0000    highconflict
594.1250    0    1.750   1.0000          NULL 
595.8750    3    5.250   1.0000    lowconflict
601.1250    0    7.000   1.0000          NULL 
608.1250    3    5.250   1.0000    lowconflict
613.3750    0    1.750   1.0000          NULL 
615.1250    3    5.250   1.0000    lowconflict
620.3750    0    1.750   1.0000          NULL 
622.1250    2    5.250   1.0000    medconflict
627.3750    0    2.625   1.0000          NULL 
