  0.0000    3    5.250   1.0000    lowconflict
  5.2500    0    1.750   1.0000          NULL 
  7.0000    1    5.250   1.0000    highconflict
 12.2500    0    2.625   1.0000          NULL 
 14.8750    1    5.250   1.0000    highconflict
 20.1250    0    1.750   1.0000          NULL 
 21.8750    2    5.250   1.0000    medconflict
 27.1250    0    3.500   1.0000          NULL 
 30.6250    2    5.250   1.0000    medconflict
 35.8750    0    1.750   1.0000          NULL 
 37.6250    3    5.250   1.0000    lowconflict
 42.8750    0    1.750   1.0000          NULL 
 44.6250    2    5.250   1.0000    medconflict
 49.8750    0    2.625   1.0000          NULL 
 52.5000    1    5.250   1.0000    highconflict
 57.7500    0    7.000   1.0000          NULL 
 64.7500    2    5.250   1.0000    medconflict
 70.0000    0    1.750   1.0000          NULL 
 71.7500    3    5.250   1.0000    lowconflict
 77.0000    0    1.750   1.0000          NULL 
 78.7500    3    5.250   1.0000    lowconflict
 84.0000    0    6.125   1.0000          NULL 
 90.1250    1    5.250   1.0000    highconflict
 95.3750    0    4.375   1.0000          NULL 
 99.7500    1    5.250   1.0000    highconflict
105.0000    0    2.625   1.0000          NULL 
107.6250    3    5.250   1.0000    lowconflict
112.8750    0    1.750   1.0000          NULL 
114.6250    1    5.250   1.0000    highconflict
119.8750    0    1.750   1.0000          NULL 
121.6250    1    5.250   1.0000    highconflict
126.8750    0    1.750   1.0000          NULL 
128.6250    1    5.250   1.0000    highconflict
133.8750    0    1.750   1.0000          NULL 
135.6250    3    5.250   1.0000    lowconflict
140.8750    0    1.750   1.0000          NULL 
142.6250    2    5.250   1.0000    medconflict
147.8750    0    1.750   1.0000          NULL 
149.6250    2    5.250   1.0000    medconflict
154.8750    0    1.750   1.0000          NULL 
156.6250    3    5.250   1.0000    lowconflict
161.8750    0    5.250   1.0000          NULL 
167.1250    1    5.250   1.0000    highconflict
172.3750    0    2.625   1.0000          NULL 
175.0000    2    5.250   1.0000    medconflict
180.2500    0    3.500   1.0000          NULL 
183.7500    3    5.250   1.0000    lowconflict
189.0000    0    2.625   1.0000          NULL 
191.6250    1    5.250   1.0000    highconflict
196.8750    0    1.750   1.0000          NULL 
198.6250    2    5.250   1.0000    medconflict
203.8750    0    2.625   1.0000          NULL 
206.5000    2    5.250   1.0000    medconflict
211.7500    0    2.625   1.0000          NULL 
214.3750    2    5.250   1.0000    medconflict
219.6250    0    2.625   1.0000          NULL 
222.2500    1    5.250   1.0000    highconflict
227.5000    0    1.750   1.0000          NULL 
229.2500    3    5.250   1.0000    lowconflict
234.5000    0    2.625   1.0000          NULL 
237.1250    1    5.250   1.0000    highconflict
242.3750    0    1.750   1.0000          NULL 
244.1250    2    5.250   1.0000    medconflict
249.3750    0    1.750   1.0000          NULL 
251.1250    3    5.250   1.0000    lowconflict
256.3750    0    4.375   1.0000          NULL 
260.7500    2    5.250   1.0000    medconflict
266.0000    0    4.375   1.0000          NULL 
270.3750    2    5.250   1.0000    medconflict
275.6250    0    1.750   1.0000          NULL 
277.3750    2    5.250   1.0000    medconflict
282.6250    0    3.500   1.0000          NULL 
286.1250    3    5.250   1.0000    lowconflict
291.3750    0    1.750   1.0000          NULL 
293.1250    1    5.250   1.0000    highconflict
298.3750    0    1.750   1.0000          NULL 
300.1250    3    5.250   1.0000    lowconflict
305.3750    0    2.625   1.0000          NULL 
308.0000    2    5.250   1.0000    medconflict
313.2500    0    1.750   1.0000          NULL 
315.0000    2    5.250   1.0000    medconflict
320.2500    0    1.750   1.0000          NULL 
322.0000    1    5.250   1.0000    highconflict
327.2500    0    1.750   1.0000          NULL 
329.0000    1    5.250   1.0000    highconflict
334.2500    0    1.750   1.0000          NULL 
336.0000    3    5.250   1.0000    lowconflict
341.2500    0    1.750   1.0000          NULL 
343.0000    1    5.250   1.0000    highconflict
348.2500    0    2.625   1.0000          NULL 
350.8750    1    5.250   1.0000    highconflict
356.1250    0    1.750   1.0000          NULL 
357.8750    3    5.250   1.0000    lowconflict
363.1250    0    1.750   1.0000          NULL 
364.8750    3    5.250   1.0000    lowconflict
370.1250    0    3.500   1.0000          NULL 
373.6250    2    5.250   1.0000    medconflict
378.8750    0    3.500   1.0000          NULL 
382.3750    1    5.250   1.0000    highconflict
387.6250    0    4.375   1.0000          NULL 
392.0000    3    5.250   1.0000    lowconflict
397.2500    0    1.750   1.0000          NULL 
399.0000    1    5.250   1.0000    highconflict
404.2500    0    3.500   1.0000          NULL 
407.7500    2    5.250   1.0000    medconflict
413.0000    0    1.750   1.0000          NULL 
414.7500    3    5.250   1.0000    lowconflict
420.0000    0    1.750   1.0000          NULL 
421.7500    2    5.250   1.0000    medconflict
427.0000    0    2.625   1.0000          NULL 
429.6250    3    5.250   1.0000    lowconflict
434.8750    0    1.750   1.0000          NULL 
436.6250    1    5.250   1.0000    highconflict
441.8750    0    4.375   1.0000          NULL 
446.2500    2    5.250   1.0000    medconflict
451.5000    0    1.750   1.0000          NULL 
453.2500    2    5.250   1.0000    medconflict
458.5000    0    1.750   1.0000          NULL 
460.2500    2    5.250   1.0000    medconflict
465.5000    0    2.625   1.0000          NULL 
468.1250    3    5.250   1.0000    lowconflict
473.3750    0    2.625   1.0000          NULL 
476.0000    1    5.250   1.0000    highconflict
481.2500    0    1.750   1.0000          NULL 
483.0000    1    5.250   1.0000    highconflict
488.2500    0    4.375   1.0000          NULL 
492.6250    3    5.250   1.0000    lowconflict
497.8750    0    1.750   1.0000          NULL 
499.6250    3    5.250   1.0000    lowconflict
504.8750    0    1.750   1.0000          NULL 
506.6250    2    5.250   1.0000    medconflict
511.8750    0    1.750   1.0000          NULL 
513.6250    1    5.250   1.0000    highconflict
518.8750    0    2.625   1.0000          NULL 
521.5000    2    5.250   1.0000    medconflict
526.7500    0    1.750   1.0000          NULL 
528.5000    3    5.250   1.0000    lowconflict
533.7500    0    3.500   1.0000          NULL 
537.2500    3    5.250   1.0000    lowconflict
542.5000    0    1.750   1.0000          NULL 
544.2500    3    5.250   1.0000    lowconflict
549.5000    0    1.750   1.0000          NULL 
551.2500    1    5.250   1.0000    highconflict
556.5000    0    3.500   1.0000          NULL 
560.0000    3    5.250   1.0000    lowconflict
565.2500    0    3.500   1.0000          NULL 
568.7500    1    5.250   1.0000    highconflict
574.0000    0    1.750   1.0000          NULL 
575.7500    2    5.250   1.0000    medconflict
581.0000    0    3.500   1.0000          NULL 
584.5000    3    5.250   1.0000    lowconflict
589.7500    0    1.750   1.0000          NULL 
591.5000    2    5.250   1.0000    medconflict
596.7500    0    1.750   1.0000          NULL 
598.5000    2    5.250   1.0000    medconflict
603.7500    0    1.750   1.0000          NULL 
605.5000    3    5.250   1.0000    lowconflict
610.7500    0    5.250   1.0000          NULL 
616.0000    1    5.250   1.0000    highconflict
621.2500    0    1.750   1.0000          NULL 
623.0000    1    5.250   1.0000    highconflict
628.2500    0    1.750   1.0000          NULL 
