  0.0000    2    5.250   1.0000    medconflict
  5.2500    0    1.750   1.0000          NULL 
  7.0000    1    5.250   1.0000    highconflict
 12.2500    0    1.750   1.0000          NULL 
 14.0000    1    5.250   1.0000    highconflict
 19.2500    0    2.625   1.0000          NULL 
 21.8750    2    5.250   1.0000    medconflict
 27.1250    0    2.625   1.0000          NULL 
 29.7500    1    5.250   1.0000    highconflict
 35.0000    0    1.750   1.0000          NULL 
 36.7500    3    5.250   1.0000    lowconflict
 42.0000    0    2.625   1.0000          NULL 
 44.6250    3    5.250   1.0000    lowconflict
 49.8750    0    1.750   1.0000          NULL 
 51.6250    2    5.250   1.0000    medconflict
 56.8750    0    5.250   1.0000          NULL 
 62.1250    2    5.250   1.0000    medconflict
 67.3750    0    2.625   1.0000          NULL 
 70.0000    2    5.250   1.0000    medconflict
 75.2500    0    2.625   1.0000          NULL 
 77.8750    1    5.250   1.0000    highconflict
 83.1250    0    2.625   1.0000          NULL 
 85.7500    2    5.250   1.0000    medconflict
 91.0000    0    1.750   1.0000          NULL 
 92.7500    2    5.250   1.0000    medconflict
 98.0000    0    1.750   1.0000          NULL 
 99.7500    1    5.250   1.0000    highconflict
105.0000    0    1.750   1.0000          NULL 
106.7500    2    5.250   1.0000    medconflict
112.0000    0    1.750   1.0000          NULL 
113.7500    1    5.250   1.0000    highconflict
119.0000    0    2.625   1.0000          NULL 
121.6250    1    5.250   1.0000    highconflict
126.8750    0    5.250   1.0000          NULL 
132.1250    2    5.250   1.0000    medconflict
137.3750    0    1.750   1.0000          NULL 
139.1250    2    5.250   1.0000    medconflict
144.3750    0    3.500   1.0000          NULL 
147.8750    1    5.250   1.0000    highconflict
153.1250    0    1.750   1.0000          NULL 
154.8750    2    5.250   1.0000    medconflict
160.1250    0    5.250   1.0000          NULL 
165.3750    1    5.250   1.0000    highconflict
170.6250    0    1.750   1.0000          NULL 
172.3750    3    5.250   1.0000    lowconflict
177.6250    0    2.625   1.0000          NULL 
180.2500    1    5.250   1.0000    highconflict
185.5000    0    2.625   1.0000          NULL 
188.1250    1    5.250   1.0000    highconflict
193.3750    0    1.750   1.0000          NULL 
195.1250    2    5.250   1.0000    medconflict
200.3750    0    1.750   1.0000          NULL 
202.1250    2    5.250   1.0000    medconflict
207.3750    0    1.750   1.0000          NULL 
209.1250    1    5.250   1.0000    highconflict
214.3750    0    4.375   1.0000          NULL 
218.7500    2    5.250   1.0000    medconflict
224.0000    0    3.500   1.0000          NULL 
227.5000    3    5.250   1.0000    lowconflict
232.7500    0    1.750   1.0000          NULL 
234.5000    1    5.250   1.0000    highconflict
239.7500    0    4.375   1.0000          NULL 
244.1250    1    5.250   1.0000    highconflict
249.3750    0    1.750   1.0000          NULL 
251.1250    1    5.250   1.0000    highconflict
256.3750    0    1.750   1.0000          NULL 
258.1250    1    5.250   1.0000    highconflict
263.3750    0    2.625   1.0000          NULL 
266.0000    2    5.250   1.0000    medconflict
271.2500    0    1.750   1.0000          NULL 
273.0000    2    5.250   1.0000    medconflict
278.2500    0    1.750   1.0000          NULL 
280.0000    3    5.250   1.0000    lowconflict
285.2500    0    1.750   1.0000          NULL 
287.0000    3    5.250   1.0000    lowconflict
292.2500    0    2.625   1.0000          NULL 
294.8750    2    5.250   1.0000    medconflict
300.1250    0    1.750   1.0000          NULL 
301.8750    3    5.250   1.0000    lowconflict
307.1250    0    2.625   1.0000          NULL 
309.7500    2    5.250   1.0000    medconflict
315.0000    0    1.750   1.0000          NULL 
316.7500    2    5.250   1.0000    medconflict
322.0000    0    4.375   1.0000          NULL 
326.3750    3    5.250   1.0000    lowconflict
331.6250    0    1.750   1.0000          NULL 
333.3750    2    5.250   1.0000    medconflict
338.6250    0    1.750   1.0000          NULL 
340.3750    2    5.250   1.0000    medconflict
345.6250    0    4.375   1.0000          NULL 
350.0000    2    5.250   1.0000    medconflict
355.2500    0    1.750   1.0000          NULL 
357.0000    2    5.250   1.0000    medconflict
362.2500    0    6.125   1.0000          NULL 
368.3750    3    5.250   1.0000    lowconflict
373.6250    0    1.750   1.0000          NULL 
375.3750    3    5.250   1.0000    lowconflict
380.6250    0    1.750   1.0000          NULL 
382.3750    1    5.250   1.0000    highconflict
387.6250    0    2.625   1.0000          NULL 
390.2500    3    5.250   1.0000    lowconflict
395.5000    0    1.750   1.0000          NULL 
397.2500    3    5.250   1.0000    lowconflict
402.5000    0    1.750   1.0000          NULL 
404.2500    1    5.250   1.0000    highconflict
409.5000    0    4.375   1.0000          NULL 
413.8750    3    5.250   1.0000    lowconflict
419.1250    0    1.750   1.0000          NULL 
420.8750    3    5.250   1.0000    lowconflict
426.1250    0    6.125   1.0000          NULL 
432.2500    3    5.250   1.0000    lowconflict
437.5000    0    3.500   1.0000          NULL 
441.0000    3    5.250   1.0000    lowconflict
446.2500    0    1.750   1.0000          NULL 
448.0000    3    5.250   1.0000    lowconflict
453.2500    0    1.750   1.0000          NULL 
455.0000    2    5.250   1.0000    medconflict
460.2500    0    1.750   1.0000          NULL 
462.0000    3    5.250   1.0000    lowconflict
467.2500    0    1.750   1.0000          NULL 
469.0000    1    5.250   1.0000    highconflict
474.2500    0    2.625   1.0000          NULL 
476.8750    1    5.250   1.0000    highconflict
482.1250    0    1.750   1.0000          NULL 
483.8750    1    5.250   1.0000    highconflict
489.1250    0    3.500   1.0000          NULL 
492.6250    3    5.250   1.0000    lowconflict
497.8750    0    3.500   1.0000          NULL 
501.3750    3    5.250   1.0000    lowconflict
506.6250    0    2.625   1.0000          NULL 
509.2500    3    5.250   1.0000    lowconflict
514.5000    0    1.750   1.0000          NULL 
516.2500    2    5.250   1.0000    medconflict
521.5000    0    1.750   1.0000          NULL 
523.2500    3    5.250   1.0000    lowconflict
528.5000    0    5.250   1.0000          NULL 
533.7500    1    5.250   1.0000    highconflict
539.0000    0    1.750   1.0000          NULL 
540.7500    1    5.250   1.0000    highconflict
546.0000    0    1.750   1.0000          NULL 
547.7500    1    5.250   1.0000    highconflict
553.0000    0    2.625   1.0000          NULL 
555.6250    3    5.250   1.0000    lowconflict
560.8750    0    1.750   1.0000          NULL 
562.6250    1    5.250   1.0000    highconflict
567.8750    0    1.750   1.0000          NULL 
569.6250    3    5.250   1.0000    lowconflict
574.8750    0    3.500   1.0000          NULL 
578.3750    3    5.250   1.0000    lowconflict
583.6250    0    1.750   1.0000          NULL 
585.3750    1    5.250   1.0000    highconflict
590.6250    0    1.750   1.0000          NULL 
592.3750    3    5.250   1.0000    lowconflict
597.6250    0    1.750   1.0000          NULL 
599.3750    2    5.250   1.0000    medconflict
604.6250    0    1.750   1.0000          NULL 
606.3750    2    5.250   1.0000    medconflict
611.6250    0    1.750   1.0000          NULL 
613.3750    3    5.250   1.0000    lowconflict
618.6250    0    2.625   1.0000          NULL 
621.2500    1    5.250   1.0000    highconflict
626.5000    0    3.500   1.0000          NULL 
